sim_results =

  Columns 1 through 8

    0.1047    0.4184    0.2143   -0.1926   -0.2315   -0.0209   -0.1799    0.0288

  Columns 9 through 16

   -0.1169    0.0350   -0.2989   -0.1934    0.0563   -0.0914    0.1138    0.1071

  Columns 17 through 24

    0.0618    0.1167    0.0830    0.0909    0.0689    0.0537    0.0596    0.1128

  Column 25

   -0.0300

>> test_tag'

ans =

  Columns 1 through 13

    11    10     5     5     8     9     2     3     4     0     1    13    13

  Columns 14 through 25

    12    12    12    12     6     7     7     7    10    10    10     0