 h=[oo' network2_outputs' network2_errors']

h =

    0.1000    0.1039   -0.0039
    0.1200    0.1071    0.0129
    0.1100    0.0812    0.0288
    0.0600    0.0819   -0.0219
    0.0600    0.0690   -0.0090
    0.0600    0.0524    0.0076
    0.0600    0.0631   -0.0031
    0.0800    0.0810   -0.0010
    0.0800    0.0778    0.0022
    0.0800    0.0802   -0.0002
    0.0800    0.0781    0.0019
    0.0900    0.0895    0.0005
    0.0900    0.0881    0.0019
    0.0900    0.0868    0.0032
    0.0900    0.0922   -0.0022
    0.0900    0.0934   -0.0034
    0.1300    0.1254    0.0046
    0.1300    0.1269    0.0031
    0.1300    0.1303   -0.0003
    0.1300    0.1314   -0.0014
    0.0400    0.0413   -0.0013
    0.0400    0.0375    0.0025
    0.0400    0.0341    0.0059
    0.0100    0.0252   -0.0152
    0.0200    0.0272   -0.0072
    0.0200    0.0229   -0.0029
    0.0200    0.0277   -0.0077
    0.0200    0.0210   -0.0010
    0.0500    0.0482    0.0018
    0.0500    0.0508   -0.0008
    0.0500    0.0459    0.0041
    0.0500    0.0426    0.0074
    0.0300    0.0297    0.0003
    0.0300    0.0414   -0.0114
    0.0300    0.0371   -0.0071
    0.0300    0.0293    0.0007
    0.0300    0.0380   -0.0080
    0.1400    0.1325    0.0075
    0.1400    0.1349    0.0051
    0.1400    0.1352    0.0048
    0.1400    0.1357    0.0043
    0.1400    0.1392    0.0008
    0.0700    0.0797   -0.0097
    0.0700    0.0690    0.0010
    0.0700    0.0717   -0.0017
    0.0700    0.0703   -0.0003
    0.0700    0.0700   -0.0000

>> 